-0.00057475  -3.47451e-05  -0.000338926  -0.00343212  0.0166122  -0.027348  
0.000779373  -0.000245857  0.000100632  -0.00783048  -0.013738  0.11067  
0.00182375  -0.000457178  0.000563952  0.0106346  -0.0390244  0.222831  
-0.000867761  -0.00116914  0.00180946  0.00811551  -0.0538501  0.203025  
-0.00125047  -0.000750043  0.00135466  0.0107596  0.00344638  0.097351  
-0.00147884  -0.000404995  0.00087752  0.0494573  0.0782729  -0.138347  
-0.00204628  -0.000621944  0.00150827  0.0576237  0.0402301  -0.0261608  
-0.00142022  -0  0.00150827  0.0582757  0.0402188  0.03355  
-0.00147884  3.91717e-22  0.00180648  0.0638586  0.057872  0.0393811  
-0.00147884  -0  0.00195593  0.0948089  0.036546  0.0580118  
-0.000574921  -0  0.00236384  0.086561  -0.0489867  0.150958  
-0.00113428  0.00040604  0.00236384  0.0830251  -0.0010353  0.179417  
-0.00163712  -2.66393e-22  0.00267772  0.0851489  -0.00114585  0.180817  
7.53033e-05  0.000125061  0.00207262  0.0497886  -0.00370712  0.201087  
-0.00359377  0.00034683  0.00161656  0.0531021  0.0687563  -0.0618696  
-0.00307573  0.000164451  0.00110829  0.0413458  0.0855075  -0.099803  
-0.00279709  0.000581603  0.00078645  0.0639087  0.109957  -0.129434  
-0.00357197  0.0007187  0.000844249  0.0625241  0.144153  -0.205048  
-0.00325537  0.000631623  0.00107358  0.0924496  0.124829  -0.188813  
-0.00285447  0.000659624  0.00170003  0.0924728  0.124651  -0.121095  
-0.0028723  0.000628942  0.00170003  0.0791446  0.112751  -0.0921652  
-0.00200154  -0  0.00170003  0.0701112  0.164172  -0.126822  
-0.00164518  5.17392e-22  0.00238605  0.0924608  0.106852  0.00231521  
-0.00155373  -0  0.00214218  0.0855079  0.0893453  0.0267663  
-0.0015022  -0  0.00214218  0.0811243  0.0538554  0.154953  
-0.00204661  0.000362495  0.00140197  0.0311228  0.00676155  0.181119  
-0.00341354  -0  0.00102765  0.0311929  -0.0177308  0.161175  
-0.00707164  -0  0.000700585  0.031202  0.0101177  -0.00848449  
-0.00711911  -0  0.000700585  0.0426719  0.0805776  -0.0582992  
-0.00688107  -0  0.00149012  0.0571306  0.108717  -0.144548  
0  -0  0  0  0  0  
0.000530439  -0.000421515  0.000269437  0.00205178  -0.0435114  0.0500972  
0.000210663  -0.000421515  0  2.04624e-05  -0.101499  0.209863  
-0.00146983  -0.000421515  0.00120772  -0.0196018  -0.0254322  0.0624664  
-0.00170015  -0.000421515  0.0011273  0.0101712  0.0310682  0.0189549  
-0.00442853  -0.000478253  0.000628467  -0.015996  0.0619151  -0.165429  
-0.00162915  0.000116541  0.00190186  0.0685814  0.0486233  -0.0298843  
-0.0021997  0.000629631  0.00177417  0.0699304  0.0496662  -0.0672674  
-0.00136936  0.000140355  0.00199703  0.0780251  0.0302139  0.028199  
-0.00115332  0.000174526  0.00203896  0.0780267  0.0302318  0.0489456  
-0.000837425  0.000205657  0.00235381  0.0830007  -0.0533919  0.149459  
-0.00227548  0.000629631  0.00177417  0.0607338  0.000690853  0.0832912  
0.000156699  0.000111277  0.00200755  0.0547791  -0.0360268  0.215351  
-0.00274063  -0.000137253  0.00177417  0.0487301  0.0445022  -0.023049  
-0.00308168  0.000339355  0.00159248  0.0485022  0.0904212  -0.115042  
-0.00332504  0.000510078  0.00131015  0.0544592  0.0592338  -0.119931  
-0.00362886  0.000169485  0.000856703  0.0504504  0.125079  -0.177552  
-0.00379093  0.00087551  0.000774759  0.0294105  0.0860273  -0.176586  
-0.00304071  0.000452338  0.000856703  0.0869877  0.116007  -0.180039  
-0.00342279  0.000506838  0.00170476  0.0910859  0.118986  -0.118379  
-0.00254016  0.000443761  0.00194648  0.0825534  0.121383  -0.125342  
-0.00239506  0.000544814  0.00189584  0.0742609  0.120087  -0.0878721  
-0.00240414  0.000394695  0.00189584  0.0910691  0.107833  -0.0722128  
-0.00131353  -0.000483941  0.00189584  0.0911038  0.0684173  0.0578267  
-0.00133169  -3.95484e-05  0.00189584  0.0621168  -0.010262  0.208744  
-0.00229415  0.000246412  0.00174892  0.0331833  -0.00517283  0.146007  
-0.00571257  -0.000109743  0.000824109  0.0315562  0.00888068  0.0258373  
-0.00732288  -0.000321389  0.000824109  0.0428773  0.0609592  -0.0856339  
-0.00455912  -0.00134776  0.000320045  0.126267  0.209412  -0.461779  
-0.00433799  -0.00173512  0.0015515  0.0676135  0.134866  -0.139911  
