0.000276334  -0.000471137  -0.00022945  -0.0167436  0.00925124  -0.0470087  
-5.63517e-05  -0.000192225  -0.000320295  0.0281212  -0.0500763  0.0383583  
-5.63517e-05  9.29339e-05  4.44178e-05  -0.00249653  0.0115784  0.0383709  
-0.000199532  9.29339e-05  -0.00110675  -0.0157164  -0.0608976  0.0972985  
0.00122861  9.29339e-05  -0.00110675  -0.0157164  -0.0107196  0.0809188  
0.00105335  0.000728262  -0.00110675  -0.0157607  -0.01063  0.121529  
0.000155048  0.000728262  -0.00110675  -0.0157607  -0.0714817  0.121596  
-0.00149125  0.000186892  -0.000365937  -0.0156978  -0.0707858  0.156952  
-0.00056454  0.000728262  -0.000963939  -0.0589081  -0.0544696  0.156955  
-0.000314705  0.000728262  -0.00102379  -0.0671708  0.007754  0.0874661  
-0.00081454  0.0014312  -0.00105387  -0.0264669  -0.0707606  0.211562  
-0.000325001  0.00100971  -0.00128098  -0.0427275  -0.0107482  0.159027  
-0.00081454  0.0014312  -0.00123095  -0.0160131  -0.0557158  0.272257  
-0.000522927  0.0014312  -0.00123308  -0.0234125  -0.0761224  0.28712  
0.000519296  0.00114764  -0.00185485  -0.0358266  0.00583295  0.152593  
4.84778e-05  0.00166505  -0.00124055  -0.0124821  0.00577579  0.234389  
0.00063193  0.00127515  -0.00198667  -0.042789  0.0335907  0.17494  
0.000520367  0.00156107  -0.00247775  -0.0617177  0.0951267  0.150479  
0.000444845  0.0022456  -0.00233914  -0.0657586  0.0358177  0.281717  
0.000976707  0.00160022  -0.00315667  -0.0878459  0.0359519  0.263152  
0.00136352  0.00182457  -0.00345975  -0.0879679  0.124126  0.189212  
0.000824131  0.0022456  -0.00395782  -0.151358  0.214008  0.0957984  
0.00044952  0.00282356  -0.00403868  -0.151414  0.141404  0.215549  
0.000591954  0.00282356  -0.00501537  -0.169917  0.163614  0.240683  
0.000742915  0.00248818  -0.00506589  -0.152631  0.219521  0.269143  
0.000554583  0.00291434  -0.00435046  -0.123919  0.13861  0.342143  
0.00075104  0.00260391  -0.00485145  -0.155344  0.220617  0.309115  
-0.000200165  0.00351345  -0.00386178  -0.106108  0.0940403  0.405364  
-4.09295e-05  0.0026762  -0.00479004  -0.123864  0.185142  0.391987  
-0.000484225  0.0026762  -0.00416663  -0.100571  0.109092  0.44621  
0  -0  0  0  0  0  
0.000422555  -0  -0.000454097  -1.00868e-05  -0.031163  -0.0162683  
-0.000101406  -0  -0.000454097  -1.00868e-05  -0.0421472  0.0743822  
0.000236844  -0  -0.000889755  -0.0199578  -0.0794984  0.113996  
0.000477751  7.07358e-23  -0.00130485  -0.0316326  0.00410945  0.0420618  
-6.01336e-05  0.000526752  -0.000671036  -0.02004  -0.0641501  0.121605  
-0.00159018  5.29396e-23  -0.000287434  -0.0360588  -0.0641847  0.0502295  
-0.000897153  -3.78408e-23  -0.00034902  -0.0199756  -0.081102  0.129841  
-0.000906388  0.00063345  -0.00130484  -0.0442331  -0.0579334  0.136368  
-0.000985266  0.00102278  -0.000600723  -0.0251533  -0.0295862  0.14345  
-0.000675586  0.00130082  -0.00130484  -0.0443408  -0.0809762  0.215186  
-0.000500045  0.00130082  -0.00130484  -0.0213586  -0.0172288  0.197599  
-0.000866334  0.000892129  -0.00130484  -0.0117419  -0.0852403  0.272159  
-8.49707e-05  0.00130082  -0.0013604  -0.0258824  -0.0688321  0.204936  
-0.000133433  0.00130082  -0.0017376  -0.0311949  0.0464363  0.131478  
0.000221327  0.00114156  -0.0017376  -0.0110434  -0.0175726  0.192968  
0.000419421  0.00130082  -0.00249648  -0.0444022  0.0544759  0.135438  
0.000183816  0.00156492  -0.00292097  -0.0660546  0.0580586  0.237297  
0.000885132  0.00161647  -0.0026628  -0.0660445  0.0207962  0.251715  
0.000885132  0.00130082  -0.00313418  -0.119296  0.0725596  0.192516  
0.00340822  0.000885817  -0.00338418  -0.0704847  0.286317  -0.171019  
0.000769848  0.00188348  -0.00442329  -0.152116  0.204508  0.0936309  
0.00117175  0.00348786  -0.00455329  -0.14644  0.123096  0.19559  
0.000364003  0.00289712  -0.00501133  -0.175606  0.157298  0.247704  
0.00049643  0.00262729  -0.00459202  -0.131513  0.1424  0.27803  
0.000241039  0.00193128  -0.00479021  -0.150146  0.142298  0.293402  
-0.000217366  0.0028478  -0.00383322  -0.118924  0.142194  0.34593  
-0.000108611  0.00286052  -0.00479021  -0.137071  0.142186  0.386666  
-0.000165075  0.00331231  -0.0041156  -0.113665  0.142201  0.417939  
0.000918636  0.00267128  -0.00451493  -0.0867885  0.127833  0.400504  
