0.000549657  -0.000284422  0.000111927  0.012107  -0.00900872  -0.016741  
-6.13964e-05  0.000153759  9.43132e-05  0.00194778  -0.00762927  0.0195849  
-6.13964e-05  0.000295592  -0.00024545  0.0121093  0.00727228  -0.0125224  
-6.13964e-05  0.000153759  -0.000245449  0.0121109  0.0239114  -0.0125217  
-6.13964e-05  0.000153759  0.000125083  0.0121008  -0.00529355  -0.0125217  
-6.13964e-05  0.000205971  -5.52547e-05  0.0121088  0.00214007  -0.0134415  
0.000129535  0.000153759  -0.000245449  0.00349145  0.0255628  0.000457353  
-0.000253199  -0.000145402  -0.000245449  -0.00629281  -0.0212161  0.0376864  
-0.000722233  -0.000143206  -0.000654652  -0.00627077  0.0224413  0.000350778  
-0.00119326  -0.00031674  -0.00124454  0.0127417  0.0224224  0.0286908  
-0.00119326  -0.000800664  -0.00124454  0.0530247  0.00818509  0.0917937  
-0.00164335  -0.000800664  -0.00124455  0.0693762  -0.00684371  0.0727638  
-0.00119326  -0.000547821  -0.00124455  0.069349  -0.00679909  0.101955  
-0.00126376  -0.000800664  -0.00124455  0.0693762  0.0132186  0.114688  
-0.000637687  -0.000800664  -0.00176976  0.0505245  0.0320176  0.0991377  
-0.00155515  -0.000874293  -0.00244465  0.0505279  0.0319672  0.0662821  
-0.00209889  -0.000800664  -0.00198563  0.0671071  0.0043102  0.0683724  
-0.00119326  -0.00121102  -0.00257727  0.0602732  0.048716  0.0602122  
-0.00159844  -0.00156495  -0.00257727  0.0469566  0.0594449  0.0601207  
-0.0021538  -0.00129593  -0.00257727  0.0469436  0.0623288  0.0601321  
-0.0011869  -0.0012053  -0.00280587  0.041979  0.0460124  0.0548418  
-0.00089865  -0.00250383  -0.00116596  0.0918341  0.074442  0.021225  
-0.000192452  -0.00161511  -0.000742924  0.0770837  0.12761  0.0600933  
0.00515287  -0.00209575  0.00151465  0.059876  -0.101454  0.225533  
0.00128395  -0.0028605  -3.80705e-05  -0.00312774  0.0250283  0.27233  
-9.78818e-05  -0.0028605  -0.000601198  -0.00309392  -0.0629324  0.421639  
0.000388888  -0.00326185  -0.000593886  0.00474913  -0.00290515  0.387863  
-0.000321808  -0.00334096  -0.000463462  0.0228567  -0.0580964  0.426015  
5.50621e-05  -0.00357221  -0.000879614  0.0229766  0.0129107  0.426011  
-0.000181569  -0.00378799  -0.000987029  0.0149085  0.0327382  0.383644  
0  -0  0  0  0  0  
0  -0  0.000110277  0.00961487  -0.00806521  0.019753  
0  -0  0  0.0205695  0  -0.0139078  
-5.53424e-05  -0  0  0.0249356  -6.30304e-08  -0.0139085  
-0.000381326  -0.000167658  0  0.0124371  -3.55324e-06  -0.0139104  
0  -0  0  0.00409447  0.0438419  -0.0338186  
-0.000417367  2.17135e-23  -0.000400543  0.00409166  0.00841844  -0.0139048  
-0.000491345  -0.000164297  -0.000400543  0.00409142  0.0370986  -0.0139063  
-0.00116206  8.6854e-23  -0.000400544  0.00409166  0.00174458  -0.0218297  
-0.00134772  -0  -0.000879012  0.0293323  -0.0193623  0.0487829  
-0.00136879  -0.000669498  -0.000879012  0.064795  0.00261812  0.0680627  
-0.00157626  -0.000442633  -0.000879012  0.078755  0.0115768  0.0805551  
-0.00157626  -0.00054679  -0.00131676  0.0824538  -0.00837608  0.102766  
-0.00157626  -0.000588476  -0.00176419  0.074854  -0.0237329  0.102762  
-0.00109989  -0.0013534  -0.00252478  0.0470849  0.0155537  0.0742371  
-0.00170189  -0.0013534  -0.00225099  0.0647066  -0.00537345  0.0696257  
-0.00158315  -0.00119317  -0.00225099  0.0647004  0.0349819  0.060797  
-0.00158315  -0.0013534  -0.00225099  0.0647065  0.0492234  0.0343891  
-0.00158315  -0.0013534  -0.0026015  0.0415959  0.0447747  0.0834524  
-0.00114613  -0.0013534  -0.00225099  0.0415844  0.0316774  0.0468778  
-0.00201222  -0.0013534  -0.00303471  0.0415956  0.0127836  0.0353174  
-3.45227e-05  -0.00229117  -0.00124909  0.0864955  0.110989  0.0555078  
0.00047596  -0.00272309  -0.000551644  0.0865939  0.0872152  0.0375124  
0.00279362  -0.00237358  0.000319556  0.00385393  0.0892037  0.225334  
0.00138061  -0.00270594  -0.000475919  0.0052824  -0.0410655  0.379024  
-0.000266435  -0.00270594  -0.000869204  0.00156053  -0.0307499  0.382079  
0.000160565  -0.00331146  -0.000574689  0.0200575  -0.0460571  0.382114  
-0.000389759  -0.00365064  -0.000974977  0.012166  -0.00481323  0.42404  
9.82206e-05  -0.00352616  -0.000764009  0.0201786  -0.0611269  0.384563  
-0.00023927  -0.00365183  -0.00102218  0.0307087  0.0168537  0.388097  
