-0.000434251  -0.000243323  -0.000176477  0.0168957  -0.00559934  -0.0642591  
-0.000281833  -0.000243323  -0.000176477  0.0217263  -0.00814768  -0.0461145  
-0.000829455  -0.000243323  -0.000176477  0.0302635  -0.0295001  -0.0042979  
-0.000694562  -0.000243323  -3.71563e-05  0.0292085  -0.0122056  -0.0103997  
-0.00151228  -0.000243323  0.000286362  0.047318  -0.0461732  -0.0337638  
-0.00245267  -0.000243323  0.000151016  0.0371555  -0.0783714  0.020972  
-0.00310358  -0.000313328  -0.000119296  0.0350697  -0.0899064  -0.00306521  
-0.00356405  -0.000243323  -6.89363e-05  0.0519715  -0.112731  -0.0197018  
-0.00317878  -0.000243323  -0.000477779  0.0652839  -0.0686009  -0.0635407  
-0.00327416  0.00020727  -0.000477779  0.0548749  -0.0719158  -0.0369255  
-0.00427826  -0.000243323  -0.00125782  0.0653363  -0.0717996  -0.0992616  
-0.00423364  -0.000243323  -0.00125782  0.0644078  -0.039508  -0.135851  
-0.00545378  -0.000243323  -0.00125782  0.0506761  -0.0738063  -0.118651  
-0.00612779  1.38061e-05  -0.000640274  0.0609607  -0.113571  -0.118667  
-0.00785626  0.000327873  -0.000640274  0.0713545  -0.174519  -0.0883714  
-0.00748234  -9.79727e-05  -0.00031238  0.0840454  -0.112936  -0.148377  
-0.00977349  7.50599e-05  0.000500369  0.0987839  -0.194888  -0.034162  
-0.0106991  0.000281762  0.000500062  0.132364  -0.248111  0.00824378  
-0.0114482  0.000281762  0.00125402  0.16252  -0.271675  -0.0130726  
-0.0107669  0.000281762  0.00107109  0.138008  -0.209131  -0.0387045  
-0.0117768  0.000281762  0.000843666  0.14247  -0.247157  0.0379584  
-0.0122009  0.000392864  0.000352903  0.127039  -0.286554  0.102674  
-0.0118409  0.000281762  0.000796554  0.159611  -0.248371  0.0577249  
-0.0124111  0.000281762  0.00112028  0.165078  -0.248492  0.0210271  
-0.0139106  0.00102895  0.00131253  0.156258  -0.325259  0.0922017  
-0.0135865  0.000971567  0.00125779  0.157411  -0.316112  0.0641354  
-0.0146933  0.000362681  0.00151271  0.182174  -0.32702  0.0585282  
-0.0146412  0.000678611  0.00202887  0.189086  -0.313242  0.0595169  
-0.0154341  0.00120247  0.00307227  0.215093  -0.327186  0.0805126  
-0.0138664  0.000815009  0.00256431  0.222995  -0.273083  -0.00679886  
0  -0  0  0  0  0  
-0.000456517  -0  9.23941e-05  0.0195793  -0.0217008  -2.31347e-05  
-0.000133852  -0  1.23747e-06  0.0271538  1.26644e-07  -6.43791e-06  
-0.000563269  -2.34334e-24  0.000265754  0.027135  0.0169113  -0.0654643  
-0.00200552  -0.000419233  0.000463005  0.0505033  -0.0516038  -0.0287286  
-0.00307773  -0.000364344  2.49893e-05  0.0359952  -0.0886121  -0.0078475  
-0.0031312  -0  2.49893e-05  0.0367373  -0.088602  -0.0262086  
-0.00321243  -0  0.000114202  0.0563543  -0.0623782  -0.0926689  
-0.00244431  -0.000129398  -0.00027619  0.0258042  -0.0408976  -0.0144903  
-0.00331685  -0  -0.0004494  0.047075  -0.0624036  0.0273592  
-0.00380009  3.52793e-22  -0.000813485  0.0564104  -0.0374217  -0.0871932  
-0.00438662  -6.05191e-05  -0.000880362  0.0564076  -0.0373378  -0.126026  
-0.00567152  -0  -0.000880362  0.0401457  -0.0948033  -0.0769633  
-0.00637243  -0  -0.000880362  0.0564144  -0.137862  -0.0451161  
-0.00720366  -2.0815e-22  -0.00023998  0.0778188  -0.137822  -0.0967207  
-0.00881758  -0  -2.52717e-05  0.101224  -0.202872  -0.0503249  
-0.00979318  -2.79821e-22  0.000161306  0.122895  -0.190823  -0.0159509  
-0.011396  0.000364509  0.00100269  0.14308  -0.293927  0.0216113  
-0.0106353  -0  0.000960708  0.141  -0.249186  -0.0378078  
-0.0119253  0.000572685  0.000960708  0.131082  -0.244518  0.0355586  
-0.0117511  -0  0.000960708  0.13878  -0.276908  0.0632795  
-0.0115011  -0  0.00087805  0.147267  -0.247427  0.07989  
-0.012104  0.000272305  0.000970715  0.163075  -0.261515  0.0346636  
-0.0130041  0.000271429  0.000994411  0.16635  -0.295118  0.0923733  
-0.0139213  0.00114882  0.00161818  0.149021  -0.33078  0.074447  
-0.0143202  2.01664e-21  0.00116251  0.166023  -0.350319  0.0559643  
-0.0146233  0.000514067  0.00164106  0.175401  -0.350488  0.0714118  
-0.0158291  0.0011384  0.00298128  0.205427  -0.372012  0.0504705  
-0.0147607  0.000577397  0.00276424  0.217727  -0.318129  0.0314632  
-0.0133603  0.000324855  0.00278109  0.239708  -0.241283  -0.0512204  
