-0.000329108  0.000435806  0.000164552  0.00597411  -0.00399143  0.00868721  
4.6225e-06  0.000223724  0.000164552  -0.0188213  -0.0110607  0.00867012  
0.000420929  -0.000510962  -0.00045211  -0.0501659  -0.0168302  -0.0232495  
0.000420929  -0.000510962  -0.000541039  -0.0319776  -0.0349844  -0.0433688  
0.000420929  -0.000363208  -0.000621398  -0.0145393  -0.0261066  -0.0433716  
0.00150223  -0.000510961  -0.000950019  -0.0563845  -0.0350895  -0.0746386  
0.00135966  -0.00159664  -0.00141223  -0.057921  -0.0212614  -0.0981809  
0.00173672  -0.00159664  -0.00106717  -0.0626011  0.00274339  -0.120467  
0.00297151  -0.000835368  -0.00107867  -0.0625126  -0.00672993  -0.120536  
0.00269429  -0.000896801  -0.00134425  -0.0625289  -0.00720603  -0.126794  
0.00263382  -0.00159664  -0.00120094  -0.0430044  -0.00719796  -0.117339  
0.00320476  -0.00159664  -0.0014975  -0.0390198  -0.0217879  -0.139792  
0.00371997  -0.00150292  -0.00215914  -0.0656021  -0.0752973  -0.0767183  
0.00330275  -0.00159664  -0.0019946  -0.065619  -0.0752493  -0.0862607  
0.0038888  -0.00152239  -0.00172836  -0.0656261  -0.0585873  -0.0862421  
0.00455453  -0.00159664  -0.00200754  -0.100417  -0.0259022  -0.0184292  
0.00459565  -0.00183479  -0.00244143  -0.10811  -0.0421628  -0.0598573  
0.00527719  -0.00159664  -0.00252503  -0.139314  -0.0573776  -0.0415437  
0.00590368  -0.00188585  -0.00256419  -0.141468  -0.101503  -0.0414406  
0.00676896  -0.00159664  -0.00285947  -0.164335  -0.0894617  -0.0833144  
0.0069834  -0.00159665  -0.00285947  -0.186079  -0.0735143  -0.0812486  
0.00732732  -0.00180704  -0.00287551  -0.166808  -0.0746536  -0.117817  
0.00696718  -0.0016561  -0.00260803  -0.160166  -0.0558902  -0.0958722  
0.00789781  -0.00183565  -0.00295536  -0.202354  -0.0887351  -0.154792  
0.0087801  -0.00159768  -0.00372329  -0.238759  -0.0761644  -0.164942  
0.00826795  -0.00192865  -0.00397274  -0.230053  -0.082442  -0.142118  
0.00825803  -0.00192865  -0.00397274  -0.173109  -0.0662414  -0.142132  
0.00839912  -0.00192865  -0.00397274  -0.183777  -0.0476364  -0.166071  
0.00925156  -0.00236858  -0.00425136  -0.202486  -0.0583801  -0.159677  
0.00915008  -0.00262293  -0.00435291  -0.219377  -0.102355  -0.121798  
0  -0  0  0  0  0  
0  -0.000426695  0  -0.0258169  0  8.12522e-06  
0.000922786  -0.000326562  -0.000577168  -0.0384383  -0.0228521  -0.0376908  
0.00145752  -0.000426695  -0.000512477  -0.0258065  -0.0268307  -0.0376751  
0.00126641  -0.000426695  -0.000955489  -0.0505401  -0.0228952  -0.0685024  
0.00126641  -0.000929818  -0.00146659  -0.0696586  -0.0229283  -0.0929227  
0.0016921  -0.000929818  -0.00115238  -0.0520207  -0.0229598  -0.0929064  
0.00260369  -0.000929818  -0.0011782  -0.0520213  -0.0355944  -0.123413  
0.00260217  -0.000929818  -0.00131466  -0.0702282  -0.0272952  -0.1517  
0.00237511  -0.000929818  -0.00118206  -0.0692293  -0.0254726  -0.117154  
0.0029422  -0.000929818  -0.00146659  -0.0534799  -0.0330693  -0.0961876  
0.0037986  -0.00163471  -0.00188313  -0.0535842  -0.0484501  -0.131227  
0.00393325  -0.001406  -0.00188313  -0.0695843  -0.0597448  -0.0834624  
0.00399371  -0.001406  -0.00188313  -0.0695843  -0.0537079  -0.0834648  
0.00409943  -0.001406  -0.00159281  -0.0696026  -0.025228  -0.0441294  
0.00497573  -0.00186273  -0.00221377  -0.106831  -0.0262469  -0.0601119  
0.004809  -0.00212477  -0.0023662  -0.12449  -0.0552926  -0.0805308  
0.00537169  -0.00212477  -0.0023662  -0.1364  -0.098496  -0.0599204  
0.00640896  -0.00212477  -0.00282476  -0.157762  -0.0986729  -0.0867733  
0.00701098  -0.00212477  -0.00282476  -0.157762  -0.0748353  -0.11622  
0.00746724  -0.00172376  -0.00282476  -0.172227  -0.0923435  -0.0833367  
0.00685799  -0.00163335  -0.00308356  -0.180022  -0.0601378  -0.117098  
0.0077129  -0.00157351  -0.00293703  -0.181388  -0.0865165  -0.0862708  
0.00860427  -0.00198275  -0.00326079  -0.20594  -0.0815803  -0.142503  
0.00899036  -0.00198275  -0.00424476  -0.268032  -0.0791287  -0.142484  
0.00853601  -0.00198275  -0.00383219  -0.215598  -0.0748365  -0.159357  
0.00882688  -0.00198275  -0.00383219  -0.162878  -0.0457879  -0.159364  
0.00943409  -0.00198275  -0.00383219  -0.184501  -0.0759452  -0.177991  
0.00938355  -0.00244291  -0.00396451  -0.206587  -0.0629616  -0.178784  
0.00946644  -0.00264066  -0.0040015  -0.194285  -0.0993315  -0.13363  
