0.000211325  -0.000591122  -0.000271713  -0.00434696  -0.0964993  0.181028  
0.000687216  9.12297e-05  -0.000534288  0.0164856  0.0099305  0.0896669  
-0.000489549  9.12297e-05  -0.000217731  -0.0162181  -0.0287808  0.131663  
-0.000494861  9.12297e-05  -0.000534288  -0.0162149  -0.0507287  0.120377  
-0.000455622  9.12297e-05  -0.000180129  0.000183975  0.0295002  0.0455797  
-0.000268677  -0.000509141  -0.000534288  -0.0163752  -0.0808354  0.204281  
-0.00159563  -0.000616181  -0.000534289  -0.0247665  -0.0811077  0.281434  
-0.00187397  -0.000616181  -0.000328188  0.011576  -0.013285  0.145331  
-0.00255015  -0.000220417  -0.00012955  0.0334735  -0.0133655  0.2076  
-0.0035367  -0.000616181  -0.000646584  0.000886166  -0.0981825  0.411312  
-0.00410722  -0.000616181  -0.000824419  0.0152894  -0.00841073  0.274939  
-0.00392515  -0.000616181  -0.000824418  -0.00901636  -0.0838107  0.385504  
-0.00422248  -0.000557925  -0.000442823  0.0259964  -0.0558582  0.304074  
-0.00423358  -0.000419016  -0.000370035  -0.00652107  -0.0558031  0.367963  
-0.00453268  -0.000616181  -0.00079777  -0.00642105  -0.112443  0.395035  
-0.00410392  -0.000174551  -0.000457101  0.00662805  -0.034815  0.316954  
-0.00520966  -0.000663882  -0.000370035  -0.0226812  -0.0364115  0.364022  
-0.00517745  -0.000663883  -0.000716017  -0.0275491  -0.0345316  0.330228  
-0.0053391  -0.000663883  -0.000576373  -0.0107687  -0.0172238  0.283408  
-0.00528214  -0.000663883  -0.00050312  -0.0198865  -0.0477538  0.398649  
-0.00451611  -0.000663883  -0.000987007  0.0092023  0.028932  0.215999  
-0.00580928  -0.000663882  -0.000886308  -0.0397019  -0.0712441  0.389225  
-0.00509321  -0.000257558  -0.000886308  -0.00747324  0.0133624  0.261792  
-0.00595661  -0.000115336  -0.000886308  -0.0297665  -0.0533311  0.370114  
-0.00579851  -0.000159287  -0.000886307  -0.00527297  0.0206137  0.23637  
-0.00584916  -0.000159287  -0.00107433  -0.0437272  -0.0388211  0.383524  
-0.00557877  -0.000113799  -0.000886308  -0.027617  0.0470479  0.203476  
-0.00586182  -0.000412449  -0.000886308  -0.0250961  0.0172027  0.294702  
-0.00533865  -0.000146583  -0.000886308  -0.00912681  0.0374638  0.251841  
-0.00643057  -0.000588331  -0.000886308  -0.0311536  -0.0272626  0.303903  
0  -0  0  0  0  0  
0  -0  0  0  -0.0993251  0.169515  
-9.75652e-05  -0  -0.000149589  1.25064e-06  0.00552586  0.0425359  
-0.000901178  -0.000453363  -0.000501507  -0.0190688  -0.061442  0.17959  
-0.000901178  3.08935e-05  -0.000501507  0.0105291  -0.0249713  0.106347  
-0.000965986  -0.000453363  -0.000167589  8.79772e-05  -0.0423041  0.224691  
-0.00169167  -0.000100476  -0.000501507  0.00683646  -0.00513977  0.125165  
-0.00283138  -0.000435984  -0.000635454  -0.0183455  -0.0373984  0.214811  
-0.00271187  -0.000435984  2.85772e-05  0.0304366  -0.121121  0.355237  
-0.00429838  -0.000435985  -0.000493159  0.0128335  -0.0381536  0.214615  
-0.00401338  -0.00057241  -0.000895439  -0.0211448  -0.157631  0.387415  
-0.00395165  -1.70597e-05  -0.000895439  0.0103616  -0.0275549  0.213016  
-0.00445645  -0.000475638  -0.000491592  -0.00485137  -0.118965  0.381356  
-0.00482501  -0.000365619  -0.000339882  0.0234401  -0.0418216  0.230846  
-0.00444091  0.000158144  -4.25478e-05  0.016788  -0.00433977  0.240086  
-0.00446322  -0.000601271  -0.000895439  -0.0192921  -0.106903  0.427151  
-0.00535257  -7.43578e-05  -0.000803518  -0.0145495  -0.0148119  0.247776  
-0.00439316  -0.000601271  -0.00101983  -0.0531813  -0.0496923  0.368149  
-0.00475855  -0.000601271  -0.000895439  -0.0186646  -0.0307307  0.325902  
-0.00494378  -0.000448328  -0.000745264  0.00547318  0.0284534  0.188161  
-0.00472284  -0.000341594  -0.000748769  -0.0176418  -0.0106302  0.240093  
-0.00568017  -0.000341594  -0.000748769  -0.0215615  0.00971282  0.262104  
-0.00563455  -0.000341594  -0.000748769  -0.0223769  -0.0549437  0.325329  
-0.00608187  -0.000341594  -0.000748769  -0.011324  0.0239639  0.198745  
-0.00526147  -7.23629e-05  -0.000748769  -0.0182529  -0.0469303  0.31782  
-0.00571555  -0.000221449  -0.000748769  -0.0181823  0.0510178  0.124912  
-0.00596322  -0.000341594  -0.000748769  -0.0328716  -0.0240668  0.287495  
-0.00599944  6.36919e-05  -0.000748769  -0.0182245  0.034579  0.156246  
-0.00570677  -0.000349995  -0.000986803  -0.0181108  -0.0278615  0.285452  
-0.00615  0.000103659  -0.000493097  -3.7929e-05  -0.00202177  0.331285  
