0.000685806  6.52407e-05  -0.000405593  -0.00270387  0.0753653  -0.00426585  
-0.000104767  9.0997e-05  0.000271424  -0.0105305  0.00691244  0.0657396  
-7.63175e-05  -0.000170802  -0.000859008  -0.0637712  -0.0383534  0.186234  
-0.000207021  -0.000170802  -0.000859008  -0.0637712  -0.00171735  0.100246  
-0.000142082  -0.000105331  -0.000782182  -0.0136377  0.0020182  0.167464  
-0.000807712  -0.000227913  -0.000424443  -0.0576858  -0.0767707  0.196797  
0.00675625  -0.000340606  -0.00114739  0.00684686  0.161124  -0.212897  
0.00299721  0.000338434  8.78604e-06  0.00955978  0.00699756  0.0760243  
0.00178783  0.0002141  -0.000797239  -0.0148172  0.0460482  0.00313981  
0.00227211  -0.00065868  -0.000797239  -0.0500279  0.0934224  -0.0115858  
0.00138402  -0.000450632  -0.000797239  -0.0818435  -0.00154726  0.125893  
0.00204746  0.000159239  -0.000600554  -0.0245799  0.0261447  0.0316938  
0.000849446  0.000114273  -0.00152787  -0.0663664  -0.136936  0.287085  
0.000849446  0.000620062  -0.00164938  -0.0664808  -0.0454343  0.211169  
0.000420175  0.000577083  -0.00130464  -0.0732901  -0.0455244  0.211145  
0.000194401  0.000660048  -0.00158634  -0.122417  0.0226566  0.228331  
0.00141614  0.000140353  -0.00290798  -0.159654  0.0932585  -0.0943955  
0.00136074  -0.000102338  -0.00284492  -0.17569  0.0284977  0.109894  
0.000146311  -0.000520468  -0.00240709  -0.107509  -0.047896  0.088252  
-0.0046261  -0.000652397  -0.00516853  -0.143996  0.0598451  -0.0625244  
-0.00102513  0.000310911  -0.00516059  -0.194921  -0.0203227  0.212967  
-0.001183  -0.000134591  -0.00531177  -0.235291  -0.0139117  0.187966  
0.00198804  0.000798317  -0.00416827  -0.188179  0.00977617  0.125662  
5.13868e-05  0.0013901  -0.00492089  -0.225492  -0.0676405  0.256012  
-0.00281792  0.0006907  -0.00661712  -0.258321  0.0141449  0.105553  
-0.00306906  0.0006907  -0.00626128  -0.257467  -0.0791908  0.296059  
-0.00290746  0.00108738  -0.00658915  -0.233815  0.0782128  0.202806  
-0.00353734  9.77913e-05  -0.00610815  -0.229148  0.0336215  0.203245  
-0.00415786  0.000232407  -0.00674743  -0.251079  0.0333485  0.115127  
0.00170543  0.00185357  -0.00462105  -0.113778  0.145074  -0.000597905  
0  -0  0  0  0  0  
-0.000136287  0.000397222  0  -0.0306415  -0.0829547  0.108054  
-0.000807341  -0  -0.00087044  -0.0231754  0.00194513  0.0757661  
-0.000680949  -0.000338667  -0.000593863  -0.0676541  -0.0196306  0.155863  
-0.00116446  -0.000341265  -3.85012e-05  -0.0335144  -0.0706689  0.169319  
-0.000947288  -0.000341265  -0.000198606  -0.0633559  -0.114095  0.187527  
0.00255265  -0.000114821  -0.000198606  0.0141991  0.0332549  -0.00862496  
0.00341793  0.000163151  -0.000663646  -0.042521  0.0796514  -6.78285e-05  
0.00193403  0.000136273  -0.000110121  -0.0387344  -0.0286906  0.0768675  
0.00278274  0.000136273  -0.000672036  -0.0529057  0.0174996  0.0753258  
0.00144505  7.51508e-05  -0.00148156  -0.0795815  0.0809734  -0.0565565  
0.000884873  0.000136273  -0.000698655  -0.0529462  -0.055108  0.133801  
0.000257598  0.000136273  -0.00175064  -0.0833244  -0.00808728  0.162375  
-0.000716723  0.000681389  -0.00175064  -0.094939  0.0142019  0.128855  
-0.000608907  0.000681389  -0.00175064  -0.0833621  -0.0904736  0.252104  
0.00416115  0.000681389  -0.00224558  -0.106702  0.0617818  -0.146216  
0.000938461  0.000681389  -0.00269134  -0.187895  0.0507857  0.0560102  
-0.000264629  9.21341e-05  -0.00381227  -0.22422  0.0177001  0.116034  
-0.00363971  -0.000929818  -0.00437157  -0.147392  0.0598506  -0.0708866  
-0.00348736  -0.000412389  -0.00479488  -0.147061  -0.0232901  0.092759  
-0.00214658  -0.000117026  -0.00550351  -0.267438  -0.0708216  0.218968  
-0.000912936  0.000102392  -0.00560098  -0.245493  0.017077  0.164903  
0.000566541  0.000694865  -0.00524317  -0.186817  0.000206134  0.18417  
-0.00250887  0.000445312  -0.00689525  -0.279647  0.0457959  0.102176  
-0.00258591  0.000837899  -0.00615322  -0.250853  -0.0393321  0.212091  
-0.00359677  0.00045048  -0.00734713  -0.250711  0.0140746  0.0874104  
-0.00398711  0.000727065  -0.00650904  -0.258043  0.0858091  0.118559  
-0.00161159  0.000565609  -0.00500637  -0.194944  -0.0668097  0.258401  
0.00381515  0.00189533  -0.00447909  -0.148953  0.0945638  -0.0444512  
-0.000212615  0.00224985  -0.00480504  -0.169015  0.11572  0.0159032  
