-0.000378969  -5.16102e-05  0.00017636  -0.0252698  -0.00558833  0.0214537  
-0.000101774  -5.16102e-05  0.000698202  -0.00423472  -0.00557634  0.0214496  
-0.000235603  -5.16102e-05  0.000174651  -0.0144543  -0.00558487  0.0156178  
-0.000186616  -5.16102e-05  0.000231389  -0.0402604  -0.0533971  0.0388447  
1.24674e-05  -5.16102e-05  0.000351198  -0.0402573  0.00201333  -0.0126484  
-1.27781e-05  -5.16102e-05  0.000231389  -0.0157374  0.0255349  -0.0102919  
0.000367289  -0.00048562  0.000231389  -0.0255722  0.0525335  -0.0504738  
0.000517088  -5.16102e-05  0.00014788  -0.0224203  0.0525226  -0.0664934  
0.000517088  -5.16102e-05  -0.000306935  -0.0119166  -0.0239118  0.00927333  
0.000517088  -5.16102e-05  0.000142774  -0.0192407  -0.00953184  -0.0474032  
-8.77604e-05  -5.16102e-05  0.000134559  -0.0402655  0.0186145  -0.0473643  
-0.000365798  -0.000414257  -0.000306935  -0.0402754  0.0621199  -0.0473329  
0.000672432  -8.06135e-05  -0.000306935  -0.0196348  0.0451655  -0.0474088  
5.26636e-05  0.000411145  -0.000855221  -0.0402987  -0.0349587  0.0521803  
-0.000444934  -8.06135e-05  -0.000855221  -0.0402651  0.158979  -0.0643105  
8.48588e-05  -8.06135e-05  -0.00108259  -0.0194875  0.158914  -0.0679574  
0.000313165  0.00039709  -0.000833268  -0.0285737  0.186531  -0.106532  
-0.000126409  -8.06135e-05  -0.00151039  -0.0285428  0.161239  -0.102732  
0.000480587  0.000492896  -0.00148062  -0.0319342  0.161171  -0.0970849  
-0.000126409  -8.06135e-05  -0.00175826  -0.0404122  0.161232  -0.102732  
0.000679771  0.000952063  -0.00161907  -0.0254234  0.161123  -0.102904  
0.000307913  0.000463197  -0.00163327  -0.0371951  0.161178  -0.119517  
0.000307913  0.000426767  -0.00192413  -0.0433117  0.161166  -0.11951  
0.000634538  0.000548936  -0.00218937  -0.0404224  0.195613  -0.182172  
0.000613665  0.000952062  -0.00192413  -0.0403026  0.229278  -0.182204  
0.00105022  0.000952062  -0.00192413  -0.0433546  0.213788  -0.182297  
0.000743925  0.000952062  -0.00238636  -0.0485548  0.235979  -0.212965  
0.00121016  0.000952062  -0.00240729  -0.0403838  0.193107  -0.158828  
0.00118446  0.000952062  -0.00245872  -0.0403925  0.193125  -0.132984  
0.000733998  0.000952062  -0.00228499  -0.0427515  0.193204  -0.132968  
0  -0  0  0  0  0  
-0.000143512  -0  0.000439899  -4.50404e-06  7.70737e-06  -1.46895e-06  
0  -0.000513491  0.000227776  9.68147e-06  -0.0385788  0.0172572  
0.000444551  -0.00064812  0.000234725  -0.0091231  -0.0610858  0.0166875  
0.000501696  -0.00064812  0.000234725  -1.59432e-05  0.00959727  -0.0391644  
0.000447368  -0.000511756  0.000642978  -0.0112013  0.00960186  -0.0603364  
0  -0.000154675  0.000234725  -0.0237472  0.0445829  -0.0870448  
0  0.00010515  0.000108207  -0.0237668  -0.0111501  -0.00904901  
0  -0.00064812  -0.000174118  -0.0237734  -0.0398164  -0.00903007  
0.000446317  0.000110171  -0.000212666  -0.0236905  0.0118057  -0.0714268  
0.000307229  -0.00064812  -0.000709218  -0.0237759  0.0442942  -0.0774142  
0.000327919  -0.000107784  -0.000212852  -0.023684  0.0493346  -0.0737818  
1.05879e-22  -0.00064812  -0.000808556  -0.023782  0.0285043  -0.0376946  
-0.000924427  0.000770057  -0.000358771  -0.011569  0.137337  -0.017827  
-0.000183082  0.000209611  -0.000956048  -0.0237734  0.152544  -0.0780161  
-0.0001289  0.000209611  -0.000941259  -0.0237656  0.155559  -0.0810356  
0.000118852  0.000209611  -0.00130723  -0.0119802  0.155501  -0.130721  
0.000124212  0.000406885  -0.00130723  -0.0237886  0.155511  -0.112278  
0.000429661  0.000209611  -0.00163203  -0.0311019  0.155446  -0.130998  
-1.9124e-05  0.00039507  -0.00130723  -0.0237886  0.177811  -0.128179  
0.000411297  0.000209611  -0.00176817  -0.0238811  0.155454  -0.119727  
0.000661291  0.000209611  -0.0018533  -0.052157  0.1361  -0.163311  
0.000532438  0.000209611  -0.00220772  -0.062206  0.183014  -0.17388  
0.000648153  0.000209611  -0.0018533  -0.0341313  0.183009  -0.173906  
0.00038664  0.000209611  -0.0018533  -0.0227401  0.183056  -0.190088  
0.000603365  0.000758511  -0.00226425  -0.0439123  0.231381  -0.19016  
0.00104429  0.000985919  -0.00228533  -0.0367481  0.182915  -0.172555  
0.000721396  0.000758511  -0.00230735  -0.0378118  0.187279  -0.139609  
0.000841063  0.000758511  -0.00229097  -0.0361325  0.171551  -0.141787  
0.00101986  0.0012338  -0.00237981  -0.0493664  0.192764  -0.181423  
