0.000386843  -1.4775e-05  -0.000336696  -0.0127297  0.00360863  0.00650316  
0.000251283  -0.000148709  0.000580358  0.0100758  0.00360764  0.0244985  
-0.000307406  -0.000767908  0.000155257  0.00220633  0.00360213  0.0245007  
-0.000122448  -0.000767908  -0.000308736  0.0392228  0.00359135  0.0351451  
0.000576714  -0.000597662  -0.000505338  0.0392074  0.00365044  0.0660913  
0.000396686  -0.000285521  -0.000308736  0.0971422  0.0143979  0.110724  
0.000396686  -0.000285521  -0.000726691  0.0791439  0.0489521  0.091478  
0.000725198  -0.00028552  -0.000298613  0.0597153  0.0489367  0.0589145  
0.000646686  -3.55205e-05  -0.000298613  0.0596974  0.00392392  0.0589601  
-0.00156718  -0.000285521  -0.00151194  -0.0240898  -0.0789087  0.194448  
-0.00106725  -0.00030702  -0.00151194  -0.0395946  -0.0890008  0.219003  
-0.00129326  -0.00143412  -0.00151194  -0.0373433  -0.0763136  0.195221  
-0.000946436  -0.00140582  -0.00151194  -0.0329422  -0.0783712  0.226745  
0.00565578  0.00536604  -0.000610657  -0.151403  0.0697767  -0.519812  
0.00500963  0.00332992  -0.000661304  -0.0273295  0.120916  -0.529499  
0.00541232  0.00332992  -0.00176194  -0.120513  0.109385  -0.359382  
0.00472637  0.00260551  -0.00151194  -0.0654756  0.118013  -0.350323  
0.00503337  0.00251267  -0.00107899  -0.0177106  0.147501  -0.408751  
0.00834334  0.00506517  -0.00246716  -0.0995736  0.149632  -0.591764  
0.00790498  0.00467257  -0.00347946  -0.0696397  0.196489  -0.638274  
0.00771442  0.0036469  -0.00332899  -0.0220323  0.198227  -0.651813  
0.00702834  0.00416461  -0.00404075  -0.0217292  0.190658  -0.623987  
0.00653565  0.00383269  -0.00405716  0.00821758  0.210261  -0.60972  
0.00714937  0.00430327  -0.00392327  0.0172926  0.229988  -0.637168  
0.0071742  0.00430327  -0.00447207  0.0084532  0.222134  -0.635861  
0.00739891  0.00430327  -0.00381113  0.019858  0.242527  -0.650501  
0.00750946  0.00430327  -0.00422627  0.00845864  0.219546  -0.663692  
0.00662635  0.00397476  -0.00459996  0.0259851  0.210441  -0.639806  
0.00643419  0.00753229  -0.00516766  -0.172  0.200794  -0.822827  
0.0099797  0.00664049  -0.00683474  -0.222362  0.245464  -1.0702  
0  -0  0  0  0  0  
0  0.000254386  0  0.0157033  0.0134153  7.20125e-06  
-0.000107078  -0  0  0.0161659  8.87925e-08  8.30666e-06  
0.00011016  -0  -0.000997323  -0.0427865  -0.0365649  0.0139331  
0.000546807  -0  -0.000636267  0.0555109  -0.00617269  0.0839825  
0.000249708  -1.65878e-23  -0.000794273  0.0964074  0.0093178  0.0861608  
0.00160312  -0.000468592  -0.000683831  0.0677733  0.037769  0.0694167  
0  -0.000468591  -0.000390222  0.0677749  0.0108469  0.0300123  
-0.00176244  0.00079683  -0.0020727  -0.0942384  -0.135178  0.3392  
-0.00133521  -0.000153197  -0.00145595  -0.0409247  -0.0943208  0.180497  
-0.00091719  -0.000960365  -0.00191937  -0.0407343  -0.0756022  0.197196  
-0.000814142  -0.00114326  -0.00113699  -0.0407625  -0.0764129  0.261801  
-0.000303906  -0.00158141  -0.00129231  -0.040637  -0.0941012  0.183766  
0.00581521  0.00449484  -0.000624802  -0.0830907  0.116437  -0.519033  
0.00471259  0.00270563  -0.000921991  -0.0531027  0.124663  -0.422662  
0.00535438  0.00307485  -0.00151768  -0.0664901  0.0754857  -0.390776  
0.00520951  0.00259588  -0.00134438  -0.0237231  0.13526  -0.389901  
0.00879418  0.00632066  -0.00159051  -0.0140069  0.0989705  -0.708943  
0.00819073  0.00496837  -0.00368456  -0.0862716  0.192675  -0.667858  
0.00871785  0.00426147  -0.00338408  -0.0618976  0.196732  -0.681453  
0.0078181  0.00385673  -0.00431614  -0.0348575  0.197248  -0.677333  
0.00699409  0.00426147  -0.00416088  -0.0086371  0.187445  -0.604075  
0.00665731  0.00385966  -0.00469477  0.0223055  0.209074  -0.618853  
0.00701567  0.00375537  -0.00395327  0.0216323  0.209855  -0.653302  
0.00701883  0.00398775  -0.00409842  0.021815  0.239528  -0.681735  
0.00776985  0.00412271  -0.00403636  0.021955  0.222307  -0.714357  
0.00743261  0.00460423  -0.00424943  0.0222269  0.221609  -0.679312  
0.0075354  0.00436519  -0.00442865  0.0220258  0.225687  -0.695379  
0.00851151  0.00871613  -0.00570835  -0.280181  0.139652  -0.933264  
0.0091965  0.00630823  -0.00681748  -0.181105  0.252944  -1.08852  
