-0.000537189  0.000468671  0.000100526  0.00158746  -0.00774972  -0.0115309  
-0.000340519  6.88379e-05  0.000100526  -0.0173147  -0.012592  0.00828689  
-0.000560999  -0.000181356  0.000629274  0.0287043  0.0297064  -0.0192136  
-0.000112715  -0.000241952  0.000100526  -0.0328752  0.00910445  -0.00649574  
8.87796e-05  5.79136e-05  0.000473794  -0.032883  -0.0617121  0.0168404  
-0.000606052  -0.000241952  0.000296432  0.00678185  0.00878726  0.0168218  
-0.000394197  4.11907e-05  0.000100526  0.00675554  0.0447952  -0.0128273  
-0.000287088  0.000107109  0.000100526  -0.0553392  -0.0425165  0.0122248  
-0.000124331  -0.000250726  0.000100526  -0.040623  -0.0120976  0.00407663  
-3.36905e-05  -0.000250726  0.000639143  -0.040609  -0.00918745  0.00096178  
-0.000668203  -0.000250726  0.000665731  0.00724442  0.0500169  0.00409709  
-0.000838493  -0.000250726  0.000665731  0.0368194  0.047586  0.00410376  
-0.000335319  -0.000250726  0.000665731  0.0294012  0.0262986  0.0213734  
-0.000260918  -0.000250726  0.00066573  0.0294012  0.0263  0.028194  
-0.000260918  -0.000659319  0.00066573  0.0793199  0.0263  0.0445084  
-0.00143546  -0.000250726  0.00110268  0.0926465  0.0668894  0.00373194  
-0.000729883  -0.000834288  0.00110268  0.051822  0.042393  0.0234648  
-0.000969511  -0.00122273  0.00123198  0.0961741  0.024906  0.036113  
-0.00135424  -0.00109992  0.0016783  0.122832  0.0656256  0.0338269  
-0.00211611  -0.000940747  0.0017412  0.138549  0.0798381  0.00891525  
-0.00206235  -0.000940747  0.00196248  0.138565  0.0820773  0.00891094  
-0.00177239  -0.000940747  0.00196248  0.138565  0.065555  0.00889663  
-0.00155714  -0.000881564  0.00196248  0.115227  0.0800127  0.0255724  
-0.00132169  -0.00124642  0.00196248  0.100538  0.0273762  0.0254932  
-0.0014649  -0.00125011  0.0015368  0.115222  0.057794  0.0285062  
-0.00104079  -0.000737127  0.00145131  0.106106  0.0403505  0.0255549  
-0.000806288  -0.00131321  0.00152408  0.0906758  0.0794589  -0.00993251  
0.00278429  -0.00023658  0.00105529  -0.0462935  -0.112534  -0.115599  
1.05879e-22  -0.000745896  0.000939153  0.0508269  0.0575754  0.00217033  
0.000415201  -0.00114886  0  0.0454441  0.0443548  0.0313637  
0  -0  0  0  0  0  
0.000393737  0.000127935  0  -0.0663663  -0.0646347  4.3716e-06  
-0.000260647  -5.63415e-05  0  -0.0314271  0.00717251  -0.00954661  
-0.000181202  -0.000279669  0.000560143  -0.0176529  -0.013928  -0.0207523  
-0.00103858  0.000273735  0.000431488  0.00757391  0.0193883  -0.020746  
-0.00125643  0.000273735  0  0.00756063  0.0190104  -0.0207393  
-0.000492205  0.000273735  0.000207691  -0.00947956  -0.0117036  0.00288743  
-0.000872196  0.000159846  0  -0.0271642  -0.00805692  0.00287332  
0.000270559  4.60952e-05  0.000363708  -0.0271651  -0.0080429  0.00569588  
-0.00111234  -0.000182441  0.000777633  0.00194972  0.0329501  -0.0132976  
-0.000831489  8.46818e-05  0.00052209  0.00193649  0.0395841  -0.0133055  
-0.00077617  -0.000377226  0.000741508  0.0513945  0.0331642  -0.0133363  
-0.000991454  -0.000365328  0  0.0513918  0.0373378  -0.0133186  
-0.000176347  -0.000344438  0.000536283  0.0175468  -0.0405854  0.0273767  
-0.00129133  -9.22161e-06  0.00148496  0.0793926  0.0277971  -1.4252e-05  
-0.00128415  -0.00057429  0.00115197  0.0816873  0.0710404  -0.00971296  
-0.000514214  -0.000874542  0.000856304  0.0347706  -0.0207752  0.0214355  
-0.00146103  -0.000366648  0.00138208  0.049247  -0.0208474  0.0277632  
-0.00151547  -0.000900168  0.00175287  0.132785  0.0513885  0.0241866  
-0.00180568  -0.00104267  0.0017973  0.127863  0.054505  0.00425346  
-0.00222174  -0.00130504  0.00206569  0.168966  0.0675132  0.00423531  
-0.00163915  -0.00116362  0.00206569  0.116669  0.0775816  0.00422095  
-0.00172912  -0.000791393  0.00206569  0.10916  0.0484244  0.0112244  
-0.00175611  -0.00130504  0.00160879  0.125926  0.0587437  0.0152445  
-0.00082302  -0.00116862  0.00132379  0.0808796  0.0100488  0.0120862  
-0.00117319  -0.00133478  0.00147674  0.121382  0.071988  -0.000959587  
-0.00102227  -0.00158803  0.00132379  0.121359  0.0908607  -0.0197859  
0.000490258  -0.00114909  0.00150327  0.0491407  0.0515174  -0.0280078  
-0.000394601  -0.000780691  0.000859679  0.070007  0.0706205  -0.0015536  
-0.00011281  -0.000645523  0  0.0518589  0.0888244  -3.65715e-05  
